2.655
2.705
2.755
2.805
2.855
2.905
2.955
3.005
3.055
3.105
3.155
3.205
3.255
3.305
3.355
3.405
3.455
3.505
3.555
3.605
3.655
3.705
3.755
3.805
3.855
3.905
3.955
4.005
4.055
4.105
4.155
4.205
4.255
4.305
4.355
4.405
4.455
4.505
4.555
4.605
4.655
4.705
4.755
4.805
4.855
4.905
4.955
5.005
5.055
5.105
5.155
5.205
5.255
5.305
5.355
5.405
5.455
5.505
5.555
5.605
5.655
5.705
5.755
5.805
5.855
5.905
5.955
6.005
6.055
6.105
6.155
6.205
6.255
6.305
6.355
6.405
6.455
6.505
6.555
6.605
6.655
6.705
6.755
6.805
6.855
6.905
6.955
7.005
7.055
7.105
7.155
7.205
7.255
7.305
7.355
7.405
7.455
7.505
7.555
7.605
7.655
7.705
7.755
7.805
7.855
7.905
7.955
8.005
8.055
8.105
8.155
8.205
8.255
8.305
8.355
8.405
8.455
8.505
8.555
8.605
8.655
8.705
8.755
8.805
8.855
8.905
8.955
9.005
9.055
9.105
9.155
9.205
9.255
9.305
9.355
9.405
9.455
9.505
9.555
9.605
9.655
9.705
9.755
9.805
9.855
9.905
9.955
10.005
10.055
10.105
10.155
10.205
10.255
10.305
10.355
10.405
10.455
10.505
10.555
10.605
10.655
10.705
10.755
10.805
10.855
10.905
10.955
11.005
11.055
11.105
11.155
11.205
11.255
11.305
11.355
11.405
11.455
11.505
11.555
11.605
11.655
11.705
11.755
11.805
11.855
11.905
11.955
12.005
12.055
12.105
12.155
12.205
12.255
12.305
12.355
12.405
12.455
12.505
12.555
12.605
12.655
12.705
12.755
12.805
12.855
12.905
12.955
13.005
13.055
13.105
13.155
13.205
13.255
13.305
13.355
13.405
13.455
13.505
13.555
13.605
13.655
13.705
13.755
13.805
13.855
13.905
13.955
14.005
14.055
14.105
14.155
14.205
14.255
14.305
14.355
14.405
14.455
14.505
14.555
14.605
14.655
14.705
14.755
14.805
14.855
14.905
14.955
15.005
15.055
15.105
15.155
15.205
15.255
15.305
15.355
15.405
15.455
15.505
15.555
15.605
15.655
15.705
15.755
15.805
15.855
15.905
15.955
16.005
16.055
16.105
16.155
16.205
16.255
16.305
16.355
16.405
16.455
16.505
16.555
16.605
16.655
16.705
16.755
16.805
16.855
16.905
16.955
17.005
17.055
17.105
17.155
17.205
17.255
17.305
17.355
17.405
17.455
17.505
17.555
17.605
17.655
17.705
17.755
17.805
17.855
17.905
17.955
18.005
18.055
18.105
18.155
18.205
18.255
18.305
18.355
18.405
18.455
18.505
18.555
18.605
18.655
18.705
18.755
18.805
18.855
18.905
18.955
19.005
19.055
19.105
19.155
19.205
19.255
19.305
19.355
19.405
19.455
19.505
19.555
19.605
19.655
19.705
19.755
19.805
19.855
19.905
19.955
20.005
20.055
20.105
20.155
20.205
20.255
20.305
20.355
20.405
20.455
20.505
20.555
20.605
20.655
20.705
20.755
20.805
20.855
20.905
20.955
21.005
21.055
21.105
21.155
21.205
21.255
21.305
21.355
21.405
21.455
21.505
21.555
21.605
21.655
21.705
21.755
21.805
21.855
21.905
21.955
22.005
22.055
22.105
22.155
22.205
22.255
22.305
22.355
22.405
22.455
22.505
22.555
22.605
22.655
22.705
22.755
22.805
22.855
22.905
22.955
23.005
23.055
23.105
23.155
23.205
23.255
23.305
23.355
23.405
23.455
23.505
23.555
23.605
23.655
23.705
23.755
23.805
23.855
23.905
23.955
24.005
24.055
24.105
24.155
24.205
24.255
24.305
24.355
24.405
24.455
24.505
24.555
24.605
24.655
24.705
24.755
24.805
24.855
24.905
24.955
25.005
25.055
25.105
25.155
25.205
25.255
25.305
25.355
25.405
25.455
25.505
25.555
25.605
25.655
25.705
25.755
25.805
25.855
25.905
25.955
26.005
26.055
26.105
26.155
26.205
26.255
26.305
26.355
26.405
26.455
26.505
26.555
26.605
26.655
26.705
26.755
26.805
26.855
26.905
26.955
27.005
27.055
27.105
27.155
27.205
27.255
27.305
27.355
27.405
27.455
27.505
27.555
27.605
27.655
27.705
27.755
27.805
27.855
27.905
27.955
28.005
28.055
28.105
28.155
28.205
28.255
28.305
28.355
28.405
28.455
28.505
28.555
28.605
28.655
28.705
28.755
28.805
28.855
28.905
28.955
29.005
29.055
29.105
29.155
29.205
29.255
29.305
29.355
29.405
29.455
29.505
29.555
29.605
29.655
29.705
29.755
29.805
29.855
29.905
29.955
30.005
30.055
30.105
30.155
30.205
30.255
30.305
30.355
30.405
30.455
30.505
30.555
30.605
30.655
30.705
30.755
30.805
30.855
30.905
30.955
31.005
31.055
31.105
31.155
31.205
31.255
31.305
31.355
31.405
31.455
31.505
31.555
31.605
31.655
31.705
31.755
31.805
31.855
31.905
31.955
32.005
32.055
32.105
32.155
32.205
32.255
32.305
32.355
32.405
32.455
32.505
32.555
32.605
32.655
32.705
32.755
32.805
32.855
32.905
32.955
33.005
33.055
33.105
33.155
33.205
33.255
33.305
33.355
33.405
33.455
33.505
33.555
33.605
33.655
33.705
33.755
33.805
33.855
33.905
33.955
34.005
34.055
34.105
34.155
34.205
34.255
34.305
34.355
34.405
34.455
34.505
34.555
34.605
34.655
34.705
34.755
34.805
34.855
34.905
34.955
35.005
35.055
35.105
35.155
35.205
35.255
35.305
35.355
35.405
35.455
35.505
35.555
35.605
35.655
35.705
35.755
35.805
35.855
35.905
35.955
36.005
36.055
36.105
36.155
36.205
36.255
36.305
36.355
36.405
36.455
36.505
36.555
36.605
36.655
36.705
36.755
36.805
36.855
36.905
36.955
37.005
37.055
37.105
37.155
37.205
37.255
37.305
37.355
37.405
37.455
37.505
37.555
37.605
37.655
37.705
37.755
37.805
37.855
37.905
37.955
38.005
38.055
38.105
38.155
38.205
38.255
38.305
38.355
38.405
38.455
38.505
38.555
38.605
38.655
38.705
38.755
38.805
38.855
38.905
38.955
39.005
39.055
39.105
39.155
39.205
39.255
39.305
39.355
39.405
39.455
39.505
39.555
39.605
39.655
39.705
39.755
39.805
39.855
39.905
39.955
40.005
40.055
40.105
40.155
40.205
40.255
40.305
40.355
40.405
40.455
40.505
40.555
40.605
40.655
40.705
40.755
40.805
40.855
40.905
40.955
41.005
41.055
41.105
41.155
41.205
41.255
41.305
41.355
41.405
41.455
41.505
41.555
41.605
41.655
41.705
41.755
41.805
41.855
41.905
41.955
42.005
42.055
42.105
42.155
42.205
42.255
42.305
42.355
42.405
42.455
42.505
42.555
42.605
42.655
42.705
42.755
42.805
42.855
42.905
42.955
43.005
43.055
43.105
43.155
43.205
43.255
43.305
43.355
43.405
43.455
43.505
43.555
43.605
43.655
43.705
43.755
43.805
43.855
43.905
43.955
44.005
44.055
44.105
44.155
44.205
44.255
44.305
44.355
44.405
44.455
44.505
44.555
44.605
44.655
44.705
44.755
44.805
44.855
44.905
44.955
45.005
45.055
45.105
45.155
45.205
45.255
45.305
45.355
45.405
45.455
45.505
45.555
45.605
45.655
45.705
45.755
45.805
45.855
45.905
45.955
46.005
46.055
46.105
46.155
46.205
46.255
46.305
46.355
46.405
46.455
46.505
46.555
46.605
46.655
46.705
46.755
46.805
46.855
46.905
46.955
47.005
47.055
47.105
47.155
47.205
47.255
47.305
47.355
47.405
47.455
47.505
47.555
47.605
47.655
47.705
47.755
47.805
47.855
47.905
47.955
48.005
48.055
48.105
48.155
48.205
48.255
48.305
48.355
48.405
48.455
48.505
48.555
48.605
48.655
48.705
48.755
48.805
48.855
48.905
48.955
49.005
49.055
49.105
49.155
49.205
49.255
49.305
49.355
49.405
49.455
49.505
49.555
49.605
49.655
49.705
49.755
49.805
49.855
49.905
49.955
50.005
50.055
50.105
50.155
50.205
50.255
50.305
50.355
50.405
50.455
50.505
50.555
50.605
50.655
50.705
50.755
50.805
50.855
50.905
50.955
51.005
51.055
51.105
51.155
51.205
51.255
51.305
51.355
51.405
51.455
51.505
51.555
51.605
51.655
51.705
51.755
51.805
51.855
51.905
51.955
52.005
52.055
52.105
52.155
52.205
52.255
52.305
52.355
52.405
52.455
52.505
52.555
52.605
52.655
52.705
52.755
52.805
52.855
52.905
52.955
53.005
53.055
53.105
53.155
53.205
53.255
53.305
53.355
53.405
53.455
53.505
53.555
53.605
53.655
53.705
53.755
53.805
53.855
53.905
53.955
54.005
54.055
54.105
54.155
54.205
54.255
54.305
54.355
54.405
54.455
54.505
54.555
54.605
54.655
54.705
54.755
54.805
54.855
54.905
54.955
55.005
55.055
55.105
55.155
55.205
55.255
55.305
55.355
55.405
55.455
55.505
55.555
55.605
55.655
55.705
55.755
55.805
55.855
55.905
55.955
56.005
56.055
56.105
56.155
56.205
56.255
56.305
56.355
56.405
56.455
56.505
56.555
56.605
56.655
56.705
56.755
56.805
56.855
56.905
56.955
57.005
57.055
57.105
57.155
57.205
57.255
57.305
57.355
57.405
57.455
57.505
57.555
57.605
57.655
57.705
57.755
57.805
57.855
57.905
57.955
58.005
58.055
58.105
58.155
58.205
58.255
58.305
58.355
58.405
58.455
58.505
58.555
58.605
58.655
58.705
58.755
58.805
58.855
58.905
58.955
59.005
59.055
59.105
59.155
59.205
59.255
59.305
59.355
59.405
59.455
59.505
59.555
59.605
59.655
59.705
59.755
59.805
59.855
59.905
59.955
60.005
60.055
60.105
60.155
60.205
60.255
60.305
60.355
60.405
60.455
60.505
60.555
60.605
60.655
60.705
60.755
60.805
60.855
60.905
60.955
61.005
61.055
61.105
61.155
61.205
61.255
61.305
61.355
61.405
61.455
61.505
61.555
61.605
61.655
61.705
61.755
61.805
61.855
61.905
61.955
62.005
62.055
62.105
62.155
62.205
62.255
62.305
62.355
62.405
62.455
62.505
62.555
62.605
62.655
62.705
62.755
62.805
62.855
62.905
62.955
63.005
63.055
63.105
63.155
63.205
63.255
63.305
63.355
63.405
63.455
63.505
63.555
63.605
63.655
63.705
63.755
63.805
63.855
63.905
63.955
64.005
64.055
64.105
64.155
64.205
64.255
64.305
64.355
64.405
64.455
64.505
64.555
64.605
64.655
64.705
64.755
64.805
64.855
64.905
64.955
65.005
65.055
65.105
65.155
65.205
65.255
65.305
65.355
65.405
65.455
65.505
65.555
65.605
65.655
65.705
65.755
65.805
65.855
65.905
65.955
66.005
66.055
66.105
66.155
66.205
66.255
66.305
66.355
66.405
66.455
66.505
66.555
66.605
66.655
66.705
66.755
66.805
66.855
66.905
66.955
67.005
67.055
67.105
67.155
67.205
67.255
67.305
67.355
67.405
67.455
67.505
67.555
67.605
67.655
67.705
67.755
67.805
67.855
67.905
67.955
68.005
68.055
68.105
68.155
68.205
68.255
68.305
68.355
68.405
68.455
68.505
68.555
68.605
68.655
68.705
68.755
68.805
68.855
68.905
68.955
69.005
69.055
69.105
69.155
69.205
69.255
69.305
69.355
69.405
69.455
69.505
69.555
69.605
69.655
69.705
69.755
69.805
69.855
69.905
69.955
70.005
70.055
70.105
70.155
70.205
70.255
70.305
70.355
70.405
70.455
70.505
70.555
70.605
70.655
70.705
70.755
70.805
70.855
70.905
70.955
71.005
71.055
71.105
71.155
71.205
71.255
71.305
71.355
71.405
71.455
71.505
71.555
71.605
71.655
71.705
71.755
71.805
71.855
71.905
71.955
72.005
72.055
72.105
72.155
72.205
72.255
72.305
72.355
72.405
72.455
72.505
72.555
72.605
72.655
72.705
72.755
72.805
72.855
72.905
72.955
73.005
73.055
73.105
73.155
73.205
73.255
73.305
73.355
73.405
73.455
73.505
73.555
73.605
73.655
73.705
73.755
73.805
73.855
73.905
73.955
74.005
74.055
74.105
74.155
74.205
74.255
74.305
74.355
74.405
74.455
74.505
74.555
74.605
74.655
74.705
74.755
74.805
74.855
74.905
74.955
75.005
75.055
75.105
75.155
75.205
75.255
75.305
75.355
75.405
75.455
75.505
75.555
75.605
75.655
75.705
75.755
75.805
75.855
75.905
75.955
76.005
76.055
76.105
76.155
76.205
76.255
76.305
76.355
76.405
76.455
76.505
76.555
76.605
76.655
76.705
76.755
76.805
76.855
76.905
76.955
77.005
77.055
77.105
77.155
77.205
77.255
77.305
77.355
77.405
77.455
77.505
77.555
77.605
77.655
77.705
77.755
77.805
77.855
77.905
77.955
78.005
78.055
78.105
78.155
78.205
78.255
78.305
78.355
78.405
78.455
78.505
78.555
78.605
78.655
78.705
78.755
78.805
78.855
78.905
78.955
79.005
79.055
79.105
79.155
79.205
79.255
79.305
79.355
79.405
79.455
79.505
79.555
79.605
79.655
79.705
79.755
79.805
79.855
79.905
79.955
80.005
80.055
80.105
80.155
80.205
80.255
80.305
80.355
80.405
80.455
80.505
80.555
80.605
80.655
80.705
80.755
80.805
80.855
80.905
80.955
81.005
81.055
81.105
81.155
81.205
81.255
81.305
81.355
81.405
81.455
81.505
81.555
81.605
81.655
81.705
81.755
81.805
81.855
81.905
81.955
82.005
82.055
82.105
82.155
82.205
82.255
82.305
82.355
82.405
82.455
82.505
82.555
82.605
82.655
82.705
82.755
82.805
82.855
82.905
82.955
83.005
83.055
83.105
83.155
83.205
83.255
83.305
83.355
83.405
83.455
83.505
83.555
83.605
83.655
83.705
83.755
83.805
83.855
83.905
83.955
84.005
84.055
84.105
84.155
84.205
84.255
84.305
84.355
84.405
84.455
84.505
84.555
84.605
84.655
84.705
84.755
84.805
84.855
84.905
84.955
85.005
85.055
85.105
85.155
85.205
85.255
85.305
85.355
85.405
85.455
85.505
85.555
85.605
85.655
85.705
85.755
85.805
85.855
85.905
85.955
86.005
86.055
86.105
86.155
86.205
86.255
86.305
86.355
86.405
86.455
86.505
86.555
86.605
86.655
86.705
86.755
86.805
86.855
86.905
86.955
87.005
87.055
87.105
87.155
87.205
87.255
87.305
87.355
87.405
87.455
87.505
87.555
87.605
87.655
87.705
87.755
87.805
87.855
87.905
87.955
88.005
88.055
88.105
88.155
88.205
88.255
88.305
88.355
88.405
88.455
88.505
88.555
88.605
88.655
88.705
88.755
88.805
88.855
88.905
88.955
89.005
89.055
89.105
89.155
89.205
89.255
89.305
89.355
89.405
89.455
89.505
89.555
89.605
89.655
89.705
89.755
89.805
89.855
89.905
89.955
90.005
90.055
90.105
90.155
90.205
90.255
90.305
90.355
90.405
90.455
90.505
90.555
90.605
90.655
90.705
90.755
90.805
90.855
90.905
90.955
91.005
91.055
91.105
91.155
91.205
91.255
91.305
91.355
91.405
91.455
91.505
91.555
91.605
91.655
91.705
91.755
91.805
91.855
91.905
91.955
92.005
92.055
92.105
92.155
92.205
92.255
92.305
92.355
92.405
92.455
92.505
92.555
92.605
92.655
92.705
92.755
92.805
92.855
92.905
92.955
93.005
93.055
93.105
93.155
93.205
93.255
93.305
93.355
93.405
93.455
93.505
93.555
93.605
93.655
93.705
93.755
93.805
93.855
93.905
93.955
94.005
94.055
94.105
94.155
94.205
94.255
94.305
94.355
94.405
94.455
94.505
94.555
94.605
94.655
94.705
94.755
94.805
94.855
94.905
94.955
95.005
95.055
95.105
95.155
95.205
95.255
95.305
95.355
95.405
95.455
95.505
95.555
95.605
95.655
95.705
95.755
95.805
95.855
95.905
95.955
96.005
96.055
96.105
96.155
96.205
96.255
96.305
96.355
96.405
96.455
96.505
96.555
96.605
96.655
96.705
96.755
96.805
96.855
96.905
96.955
97.005
97.055
97.105
97.155
97.205
97.255
97.305
97.355
97.405
97.455
97.505
97.555
97.605
97.655
97.705
97.755
97.805
97.855
97.905
97.955
98.005
98.055
98.105
98.155
98.205
98.255
98.305
98.355
98.405
98.455
98.505
98.555
98.605
98.655
98.705
98.755
98.805
98.855
98.905
98.955
99.005
99.055
99.105
99.155
99.205
99.255
99.305
99.355
99.405
99.455
99.505
99.555
99.605
99.655
99.705
99.755
99.805
99.855
99.905
99.955
100.005
100.055
100.105
100.155
100.205
100.255
100.305
100.355
100.405
100.455
100.505
100.555
100.605
100.655
100.705
100.755
100.805
100.855
100.905
100.955
101.005
101.055
101.105
101.155
101.205
101.255
101.305
101.355
101.405
101.455
101.505
101.555
101.605
101.655
101.705
101.755
101.805
101.855
101.905
101.955
102.005
102.055
102.105
102.155
102.205
102.255
102.305
102.355
102.405
102.455
102.505
102.555
102.605
102.655
102.705
102.755
102.805
102.855
102.905
102.955
103.005
103.055
103.105
103.155
103.205
103.255
103.305
103.355
103.405
103.455
103.505
103.555
103.605
103.655
103.705
103.755
103.805
103.855
103.905
103.955
104.005
104.055
104.105
104.155
104.205
104.255
104.305
104.355
104.405
104.455
104.505
104.555
104.605
104.655
104.705
104.755
104.805
104.855
104.905
104.955
105.005
105.055
105.105
105.155
105.205
105.255
105.305
105.355
105.405
105.455
105.505
105.555
105.605
105.655
105.705
105.755
105.805
105.855
105.905
105.955
106.005
106.055
106.105
106.155
106.205
106.255
106.305
106.355
106.405
106.455
106.505
106.555
106.605
106.655
106.705
106.755
106.805
106.855
106.905
106.955
107.005
107.055
107.105
107.155
107.205
107.255
107.305
107.355
107.405
107.455
107.505
107.555
107.605
107.655
107.705
107.755
107.805
107.855
107.905
107.955
108.005
108.055
108.105
108.155
108.205
108.255
108.305
108.355
108.405
108.455
108.505
108.555
108.605
108.655
108.705
108.755
108.805
108.855
108.905
108.955
109.005
109.055
109.105
109.155
109.205
109.255
109.305
109.355
109.405
109.455
109.505
109.555
109.605
109.655
109.705
109.755
109.805
109.855
109.905
109.955
110.005
110.055
110.105
110.155
110.205
110.255
110.305
110.355
110.405
110.455
110.505
110.555
110.605
110.655
110.705
110.755
110.805
110.855
110.905
110.955
111.005
111.055
111.105
111.155
111.205
111.255
111.305
111.355
111.405
111.455
111.505
111.555
111.605
111.655
111.705
111.755
111.805
111.855
111.905
111.955
112.005
112.055
112.105
112.155
112.205
112.255
112.305
112.355
112.405
112.455
112.505
112.555
112.605
112.655
112.705
112.755
112.805
112.855
112.905
112.955
113.005
113.055
113.105
113.155
113.205
113.255
113.305
113.355
113.405
113.455
113.505
113.555
113.605
113.655
113.705
113.755
113.805
113.855
113.905
113.955
114.005
114.055
114.105
114.155
114.205
114.255
114.305
114.355
114.405
114.455
114.505
114.555
114.605
114.655
114.705
114.755
114.805
114.855
114.905
114.955
115.005
115.055
115.105
115.155
115.205
115.255
115.305
115.355
115.405
115.455
115.505
115.555
115.605
115.655
115.705
115.755
115.805
115.855
115.905
115.955
116.005
116.055
116.105
116.155
116.205
116.255
116.305
116.355
116.405
116.455
116.505
116.555
116.605
116.655
116.705
116.755
116.805
116.855
116.905
116.955
117.005
117.055
117.105
117.155
117.205
117.255
117.305
117.355
117.405
117.455
117.505
117.555
117.605
117.655
117.705
117.755
117.805
117.855
117.905
117.955
118.005
118.055
118.105
118.155
118.205
118.255
118.305
118.355
118.405
118.455
118.505
118.555
118.605
118.655
118.705
118.755
118.805
118.855
118.905
118.955
119.005
119.055
119.105
119.155
119.205
119.255
119.305
119.355
119.405
119.455
119.505
119.555
119.605
119.655
119.705
119.755
119.805
119.855
119.905
119.955
120.005
120.055
120.105
120.155
120.205
120.255
120.305
120.355
120.405
120.455
120.505
120.555
120.605
120.655
120.705
120.755
120.805
120.855
120.905
120.955
121.005
121.055
121.105
121.155
121.205
121.255
121.305
121.355
121.405
121.455
121.505
121.555
121.605
121.655
121.705
121.755
121.805
121.855
121.905
121.955
122.005
122.055
122.105
122.155
122.205
122.255
122.305
122.355
122.405
122.455
122.505
122.555
122.605
122.655
122.705
122.755
122.805
122.855
122.905
122.955
123.005
123.055
123.105
123.155
123.205
123.255
123.305
123.355
123.405
123.455
123.505
123.555
123.605
123.655
123.705
123.755
123.805
123.855
123.905
123.955
124.005
124.055
124.105
124.155
124.205
124.255
124.305
124.355
124.405
124.455
124.505
124.555
124.605
124.655
124.705
124.755
124.805
124.855
124.905
124.955
125.005
125.055
125.105
125.155
125.205
125.255
125.305
125.355
125.405
125.455
125.505
125.555
125.605
125.655
125.705
125.755
125.805
125.855
125.905
125.955
126.005
126.055
126.105
126.155
126.205
126.255
126.305
126.355
126.405
126.455
126.505
126.555
126.605
126.655
126.705
126.755
126.805
126.855
126.905
126.955
127.005
127.055
127.105
127.155
127.205
127.255
127.305
127.355
127.405
127.455
127.505
127.555
127.605
127.655
127.705
127.755
127.805
127.855
127.905
127.955
128.005
128.055
128.105
128.155
128.205
128.255
128.305
128.355
128.405
128.455
128.505
128.555
128.605
128.655
128.705
128.755
128.805
128.855
128.905
128.955
129.005
129.055
129.105
129.155
129.205
129.255
129.305
129.355
129.405
129.455
129.505
129.555
129.605
129.655
129.705
129.755
129.805
129.855
129.905
129.955
130.005
130.055
130.105
130.155
130.205
130.255
130.305
130.355
130.405
130.455
130.505
130.555
130.605
130.655
130.705
130.755
130.805
130.855
130.905
130.955
131.005
131.055
131.105
131.155
131.205
131.255
131.305
131.355
131.405
131.455
131.505
131.555
131.605
131.655
131.705
131.755
131.805
131.855
131.905
131.955
132.005
132.055
132.105
132.155
132.205
132.255
132.305
132.355
132.405
132.455
132.505
132.555
132.605
132.655
132.705
132.755
132.805
132.855
132.905
132.955
133.005
133.055
133.105
133.155
133.205
133.255
133.305
133.355
133.405
133.455
133.505
133.555
133.605
133.655
133.705
133.755
133.805
133.855
133.905
133.955
134.005
134.055
134.105
134.155
134.205
134.255
134.305
134.355
134.405
134.455
134.505
134.555
134.605
134.655
134.705
134.755
134.805
134.855
134.905
134.955
135.005
135.055
135.105
135.155
135.205
135.255
135.305
135.355
135.405
135.455
135.505
135.555
135.605
135.655
135.705
135.755
135.805
135.855
135.905
135.955
136.005
136.055
136.105
136.155
136.205
136.255
136.305
136.355
136.405
136.455
136.505
136.555
136.605
136.655
136.705
136.755
136.805
136.855
136.905
136.955
137.005
137.055
137.105
137.155
137.205
137.255
137.305
137.355
137.405
137.455
137.505
137.555
137.605
137.655
137.705
137.755
137.805
137.855
137.905
137.955
138.005
138.055
138.105
138.155
138.205
138.255
138.305
138.355
138.405
138.455
138.505
138.555
138.605
138.655
138.705
138.755
138.805
138.855
138.905
138.955
139.005
139.055
139.105
139.155
139.205
139.255
139.305
139.355
139.405
139.455
139.505
139.555
139.605
139.655
139.705
139.755
139.805
139.855
139.905
139.955
140.005
140.055
140.105
140.155
140.205
140.255
140.305
140.355
140.405
140.455
140.505
140.555
140.605
140.655
140.705
140.755
140.805
140.855
140.905
140.955
141.005
141.055
141.105
141.155
141.205
141.255
141.305
141.355
141.405
141.455
141.505
141.555
141.605
141.655
141.705
141.755
141.805
141.855
141.905
141.955
142.005
142.055
142.105
142.155
142.205
142.255
142.305
142.355
142.405
142.455
142.505
142.555
142.605
142.655
142.705
142.755
142.805
142.855
142.905
142.955
143.005
143.055
143.105
143.155
143.205
143.255
143.305
143.355
143.405
143.455
143.505
143.555
143.605
143.655
143.705
143.755
143.805
143.855
143.905
143.955
144.005
144.055
144.105
144.155
144.205
144.255
144.305
144.355
144.405
144.455
144.505
144.555
144.605
144.655
144.705
144.755
144.805
144.855
144.905
144.955
145.005
145.055
145.105
145.155
145.205
145.255
145.305
145.355
145.405
145.455
145.505
145.555
145.605
145.655
145.705
145.755
145.805
145.855
145.905
145.955
146.005
146.055
146.105
146.155
146.205
146.255
146.305
146.355
146.405
146.455
146.505
146.555
146.605
146.655
146.705
146.755
146.805
146.855
146.905
146.955
147.005
147.055
147.105
147.155
147.205
147.255
147.305
147.355
147.405
147.455
147.505
147.555
147.605
147.655
147.705
147.755
147.805
147.855
147.905
147.955
148.005
148.055
148.105
148.155
148.205
148.255
148.305
148.355
148.405
148.455
148.505
148.555
148.605
148.655
148.705
148.755
148.805
148.855
148.905
148.955
149.005
149.055
149.105
149.155
149.205
149.255
149.305
149.355
149.405
149.455
149.505
149.555
149.605
149.655
149.705
149.755
149.805
149.855
149.905
149.955
150.005
150.055
150.105
150.155
150.205
150.255
150.305
150.355
150.405
150.455
150.505
150.555
150.605
150.655
150.705
150.755
150.805
150.855
150.905
150.955
151.005
151.055
151.105
151.155
151.205
151.255
151.305
151.355
151.405
151.455
151.505
151.555
151.605
151.655
151.705
151.755
151.805
151.855
151.905
151.955
152.005
152.055
152.105
152.155
152.205
152.255
152.305
152.355
152.405
152.455
152.505
152.555
152.605
152.655
152.705
152.755
152.805
152.855
152.905
152.955
153.005
153.055
153.105
153.155
153.205
153.255
153.305
153.355
153.405
153.455
153.505
153.555
153.605
153.655
153.705
153.755
153.805
153.855
153.905
153.955
154.005
154.055
154.105
154.155
154.205
154.255
154.305
154.355
154.405
154.455
154.505
154.555
154.605
154.655
154.705
154.755
154.805
154.855
154.905
154.955
155.005
155.055
155.105
155.155
155.205
155.255
155.305
155.355
155.405
155.455
155.505
155.555
155.605
155.655
155.705
155.755
155.805
155.855
155.905
155.955
156.005
156.055
156.105
156.155
156.205
156.255
156.305
156.355
156.405
156.455
156.505
156.555
156.605
156.655
156.705
156.755
156.805
156.855
156.905
156.955
157.005
157.055
157.105
157.155
157.205
157.255
157.305
157.355
157.405
157.455
157.505
157.555
157.605
157.655
157.705
157.755
157.805
157.855
157.905
157.955
158.005
158.055
158.105
158.155
158.205
158.255
158.305
158.355
158.405
158.455
158.505
158.555
158.605
158.655
158.705
158.755
158.805
158.855
158.905
158.955
159.005
159.055
159.105
159.155
159.205
159.255
159.305
159.355
159.405
159.455
159.505
159.555
159.605
159.655
159.705
159.755
159.805
159.855
159.905
159.955
160.005
160.055
160.105
160.155
160.205
160.255
160.305
160.355
160.405
160.455
160.505
160.555
160.605
160.655
160.705
160.755
160.805
160.855
160.905
160.955
161.005
161.055
161.105
161.155
161.205
161.255
161.305
161.355
161.405
161.405
161.455
161.505
161.555
161.605
161.655
161.705
161.755
161.805
161.855
161.905
161.955
162.005
162.055
162.105
162.155
162.205
162.255
162.305
162.355
162.405
162.455
162.505
162.555
162.605
162.655
162.705
162.755
162.805
162.855
162.905
162.955
163.005
163.055
163.105
163.155
163.205
163.255
163.305
163.355
163.405
163.455
163.505
163.555
163.605
163.655
163.705
163.755
163.805
163.855
163.905
163.955
164.005
164.055
164.105
164.155
164.205
164.255
164.305
164.355
164.405
164.455
164.505
164.555
164.605
164.655
164.705
164.755
164.805
164.855
164.905
164.955
165.005
165.055
165.105
165.155
165.205
165.255
165.305
165.355
165.405
165.455
165.505
165.555
165.605
165.655
165.705
165.755
165.805
165.855
165.905
165.955
166.005
166.055
166.105
166.155
166.205
166.255
166.305
166.355
166.405
166.455
166.505
166.555
166.605
166.655
166.705
166.755
166.805
166.855
166.905
166.955
167.005
167.055
167.105
167.155
167.205
167.255
167.305
167.355
167.405
167.455
167.505
167.555
167.605
167.655
167.705
167.755
167.805
167.855
167.905
167.955
168.005
168.055
168.105
168.155
168.205
168.255
168.305
168.355
168.405
168.455
168.505
168.555
168.605
168.655
168.705
168.755
168.805
168.855
168.905
168.955
169.005
169.055
169.105
169.155
169.205
169.255
169.305
169.355
169.405
169.455
169.505
169.555
169.605
169.655
169.705
169.755
169.805
169.855
169.905
169.955
170.005
170.055
170.105
170.155
170.205
170.255
170.305
170.355
170.405
170.455
170.505
170.555
170.605
170.655
170.705
170.755
170.805
170.855
170.905
170.955
171.005
171.055
171.105
171.155
171.205
171.255
171.305
171.355
171.405
171.455
171.505
171.555
171.605
171.655
171.705
171.755
171.805
171.855
171.905
171.955
172.005
172.055
172.105
172.155
172.205
172.255
172.305
172.355
172.405
172.455
172.505
172.555
172.605
172.655
172.705
172.755
172.805
172.855
172.905
172.955
173.005
173.055
173.105
173.155
173.205
173.255
173.305
173.355
173.405
173.455
173.505
173.555
173.605
173.655
173.705
173.755
173.805
173.855
173.905
173.955
174.005
174.055
174.105
174.155
174.205
174.255
174.305
174.355
174.405
174.455
174.505
174.555
174.605
174.655
174.705
174.755
174.805
174.855
174.905
174.955
175.005
175.055
175.105
175.155
175.205
175.255
175.305
175.355
175.405
175.455
175.505
175.555
175.605
175.655
175.705
175.755
175.805
175.855
175.905
175.955
176.005
176.055
176.105
176.155
176.205
176.255
176.305
176.355
176.405
176.455
176.505
176.555
176.605
176.655
176.705
176.755
176.805
176.855
176.905
176.955
177.005
177.055
177.105
177.155
177.205
177.255
177.305
177.355
177.405
177.455
177.505
177.555
177.605
177.655
177.705
177.755
177.805
177.855
177.905
177.955
178.005
178.055
178.105
178.155
178.205
178.255
178.305
178.355
178.405
178.455
178.505
178.555
178.605
178.655
178.705
178.755
178.805
178.855
178.905
178.955
179.005
179.055
179.105
179.155
179.205
179.255
179.305
179.355
179.405
179.455
179.505
179.555
179.605
179.655
179.705
179.755
179.805
179.855
179.905
179.955
180.005
180.055
180.105
180.155
180.205
180.255
180.305
180.355
180.405
180.455
180.505
180.555
180.605
180.655
180.705
180.755
180.805
180.855
180.905
180.955
181.005
181.055
181.105
181.155
181.205
181.255
181.305
181.355
181.405
181.455
181.505
181.555
181.605
181.655
181.705
181.755
181.805
181.855
181.905
181.955
182.005
182.055
182.105
182.155
182.205
182.255
182.305
182.355
182.405
182.455
182.505
182.555
182.605
182.655
182.705
182.755
182.805
182.855
182.905
182.955
183.005
183.055
183.105
183.155
183.205
183.255
183.305
183.355
183.405
183.455
183.505
183.555
183.605
183.655
183.705
183.755
183.805
183.855
183.905
183.955
184.005
184.055
184.105
184.155
184.205
184.255
184.305
184.355
184.405
184.455
184.505
184.555
184.605
184.655
184.705
184.755
184.805
184.855
184.905
184.955
185.005
185.055
185.105
185.155
185.205
185.255
185.305
185.355
185.405
185.455
185.505
185.555
185.605
185.655
185.705
185.755
185.805
185.855
185.905
185.955
186.005
186.055
186.105
186.155
186.205
186.255
186.305
186.355
186.405
186.455
186.505
186.555
186.605
186.655
186.705
186.755
186.805
186.855
186.905
186.955
187.005
187.055
187.105
187.155
187.205
187.255
187.305
187.355
187.405
187.455
187.505
187.555
187.605
187.655
187.705
187.755
187.805
187.855
187.905
187.955
188.005
188.055
188.105
188.155
188.205
188.255
188.305
188.355
188.405
188.455
188.505
188.555
188.605
188.655
188.705
188.755
188.805
188.855
188.905
188.955
189.005
189.055
189.105
189.155
189.205
189.255
189.305
189.355
189.405
189.455
189.505
189.555
189.605
189.655
189.705
189.755
189.805
189.855
189.905
189.955
190.005
190.055
190.105
190.155
190.205
190.255
190.305
190.355
190.405
190.455
190.505
190.555
190.605
190.655
190.705
190.755
190.805
190.855
190.905
190.955
191.005
191.055
191.105
191.155
191.205
191.255
191.305
191.355
191.405
191.455
191.505
191.555
191.605
191.655
191.705
191.755
191.805
191.855
191.905
191.955
192.005
192.055
192.105
192.155
192.205
192.255
192.305
192.355
192.405
192.455
192.505
192.555
192.605
192.655
192.705
192.755
192.805
192.855
192.905
192.955
193.005
193.055
193.105
193.155
193.205
193.255
193.305
193.355
193.405
193.455
193.505
193.555
193.605
193.655
193.705
193.755
193.805
193.855
193.905
193.955
194.005
194.055
194.105
194.155
194.205
194.255
194.305
194.355
194.405
194.455
194.505
194.555
194.605
194.655
194.705
194.755
194.805
194.855
194.905
194.955
195.005
195.055
195.105
195.155
195.205
195.255
195.305
195.355
195.405
195.455
195.505
195.555
195.605
195.655
195.705
195.755
195.805
195.855
195.905
195.955
196.005
196.055
196.105
196.155
196.205
196.255
196.305
196.355
196.405
196.455
196.505
196.555
196.605
196.655
196.705
196.755
196.805
196.855
196.905
196.955
197.005
197.055
197.105
197.155
197.205
197.255
197.305
197.355
197.405
197.455
197.505
197.555
197.605
197.655
197.705
197.755
197.805
197.855
197.905
197.955
198.005
198.055
198.105
198.155
198.205
198.255
198.305
198.355
198.405
198.455
198.505
198.555
198.605
198.655
198.705
198.755
198.805
198.855
198.905
198.955
199.005
199.055
199.105
199.155
199.205
199.255
199.305
199.355
199.405
199.455
199.505
199.555
199.605
199.655
199.705
199.755
199.805
199.855
199.905
199.955
200.005
200.055
200.105
200.155
200.205
200.255
200.305
200.355
200.405
200.455
200.505
200.555
200.605
200.655
200.705
200.755
200.805
200.855
200.905
200.955
201.005
201.055
201.105
201.155
201.205
201.255
201.305
201.355
201.405
201.455
201.505
201.555
201.605
201.655
201.705
201.755
201.805
201.855
201.905
201.955
202.005
202.055
202.105
202.155
202.205
202.255
202.305
202.355
202.405
202.455
202.505
202.555
202.605
202.655
202.705
202.755
202.805
202.855
202.905
202.955
203.005
203.055
203.105
203.155
203.205
203.255
203.305
203.355
203.405
203.455
203.505
203.555
203.605
203.655
203.705
203.755
203.805
203.855
203.905
203.955
204.005
204.055
204.105
204.155
204.205
204.255
204.305
204.355
204.405
204.455
204.505
204.555
204.605
204.655
204.705
204.755
204.805
204.855
204.905
204.955
205.005
205.055
205.105
205.155
205.205
205.255
205.305
205.355
205.405
205.455
205.505
205.555
205.605
205.655
205.705
205.755
205.805
205.855
205.905
205.955
206.005
206.055
206.105
206.155
206.205
206.255
206.305
206.355
206.405
206.455
206.505
206.555
206.605
206.655
206.705
206.755
206.805
206.855
206.905
206.955
207.005
207.055
207.105
207.155
207.205
207.255
207.305
207.355
207.405
207.455
207.505
207.555
207.605
207.655
207.705
207.755
207.805
207.855
207.905
207.955
208.005
208.055
208.105
208.155
208.205
208.255
208.305
208.355
208.405
208.455
208.505
208.555
208.605
208.655
208.705
208.755
208.805
208.855
208.905
208.955
209.005
209.055
209.105
209.155
209.205
209.255
209.305
209.355
209.405
209.455
209.505
209.555
209.605
209.655
209.705
209.755
209.805
209.855
209.905
209.955
210.005
210.055
210.105
210.155
210.205
210.255
210.305
210.355
210.405
210.455
210.505
210.555
210.605
210.655
210.705
210.755
210.805
210.855
210.905
210.955
211.005
211.055
211.105
211.155
211.205
211.255
211.305
211.355
211.405
211.455
211.505
211.555
211.605
211.655
211.705
211.755
211.805
211.855
211.905
211.955
212.005
212.055
212.105
212.155
212.205
212.255
212.305
212.355
212.405
212.455
212.505
212.555
212.605
212.655
212.705
212.755
212.805
212.855
212.905
212.955
213.005
213.055
213.105
213.155
213.205
213.255
213.305
213.355
213.405
213.455
213.505
213.555
213.605
213.655
213.705
213.755
213.805
213.855
213.905
213.955
214.005
214.055
214.105
214.155
214.205
214.255
214.305
214.355
214.405
214.455
214.505
214.555
214.605
214.655
214.705
214.755
214.805
214.855
214.905
214.955
215.005
215.055
215.105
215.155
215.205
215.255
215.305
215.355
215.405
215.455
215.505
215.555
215.605
215.655
215.705
215.755
215.805
215.855
215.905
215.955
216.005
216.055
216.105
216.155
216.205
216.255
216.305
216.355
216.405
216.455
216.505
216.555
216.605
216.655
216.705
216.755
216.805
216.855
216.905
216.955
217.005
217.055
217.105
217.155
217.205
217.255
217.305
217.355
217.405
217.455
217.505
217.555
217.605
217.655
217.705
217.755
217.805
217.855
217.905
217.955
218.005
218.055
218.105
218.155
218.205
218.255
218.305
218.355
218.405
218.455
218.505
218.555
218.605
218.655
218.705
218.755
218.805
218.855
218.905
218.955
219.005
219.055
219.105
219.155
219.205
219.255
219.305
219.355
219.405
219.455
219.505
219.555
219.605
219.655
219.705
219.755
219.805
219.855
219.905
219.955
220.005
220.055
220.105
220.155
220.205
220.255
220.305
220.355
220.405
220.455
220.505
220.555
220.605
220.655
220.705
220.755
220.805
220.855
220.905
220.955
221.005
221.055
221.105
221.155
221.205
221.255
221.305
221.355
221.405
221.455
221.505
221.555
221.605
221.655
221.705
221.755
221.805
221.855
221.905
221.955
222.005
222.055
222.105
222.155
222.205
222.255
222.305
222.355
222.405
222.455
222.505
222.555
222.605
222.655
222.705
222.755
222.805
222.855
222.905
222.955
223.005
223.055
223.105
223.155
223.205
223.255
223.305
223.355
223.405
223.455
223.505
223.555
223.605
223.655
223.705
223.755
223.805
223.855
223.905
223.955
224.005
224.055
224.105
224.155
224.205
224.255
224.305
224.355
224.405
224.455
224.505
224.555
224.605
224.655
224.705
224.755
224.805
224.855
224.905
224.955
225.005
225.055
225.105
225.155
225.205
225.255
225.305
225.355
225.405
225.455
225.505
225.555
225.605
225.655
225.705
225.755
225.805
225.855
225.905
225.955
226.005
226.055
226.105
226.155
226.205
226.255
226.305
226.355
226.405
226.455
226.505
226.555
226.605
226.655
226.705
226.755
226.805
226.855
226.905
226.955
227.005
227.055
227.105
227.155
227.205
227.255
227.305
227.355
227.405
227.455
227.505
227.555
227.605
227.655
227.705
227.755
227.805
227.855
227.905
227.955
228.005
228.055
228.105
228.155
228.205
228.255
228.305
228.355
228.405
228.455
228.505
228.555
228.605
228.655
228.705
228.755
228.805
228.855
228.905
228.955
229.005
229.055
229.105
229.155
229.205
229.255
229.305
229.355
229.405
229.455
229.505
229.555
229.605
229.655
229.705
229.755
229.805
229.855
229.905
229.955
230.005
230.055
230.105
230.155
230.205
230.255
230.305
230.355
230.405
230.455
230.505
230.555
230.605
230.655
230.705
230.755
230.805
230.855
230.905
230.955
231.005
231.055
231.105
231.155
231.205
231.255
231.305
231.355
231.405
231.455
231.505
231.555
231.605
231.655
231.705
231.755
231.805
231.855
231.905
231.955
232.005
232.055
232.105
232.155
232.205
232.255
232.305
232.355
232.405
232.455
232.505
232.555
232.605
232.655
232.705
232.755
232.805
232.855
232.905
232.955
233.005
233.055
233.105
233.155
233.205
233.255
233.305
233.355
233.405
233.455
233.505
233.555
233.605
233.655
233.705
233.755
233.805
233.855
233.905
233.955
234.005
234.055
234.105
234.155
234.205
234.255
234.305
234.355
234.405
234.455
234.505
234.555
234.605
234.655
234.705
234.755
234.805
234.855
234.905
234.955
235.005
235.055
235.105
235.155
235.205
235.255
235.305
235.355
235.405
235.455
235.505
235.555
235.605
235.655
235.705
235.755
235.805
235.855
235.905
235.955
236.005
236.055
236.105
236.155
236.205
236.255
236.305
236.355
236.405
236.455
236.505
236.555
236.605
236.655
236.705
236.755
236.805
236.855
236.905
236.955
237.005
237.055
237.105
237.155
237.205
237.255
237.305
237.355
237.405
237.455
237.505
237.555
237.605
237.655
237.705
237.755
237.805
237.855
237.905
237.955
238.005
238.055
238.105
238.155
238.205
238.255
238.305
238.355
238.405
238.455
238.505
238.555
238.605
238.655
238.705
238.755
238.805
238.855
238.905
238.955
239.005
239.055
239.105
239.155
239.205
239.255
239.305
239.355
239.405
239.455
239.505
239.555
239.605
239.655
239.705
239.755
239.805
239.855
239.905
239.955
240.005
240.055
240.105
240.155
240.205
240.255
240.305
240.355
240.405
240.455
240.505
240.555
240.605
240.655
240.705
240.755
240.805
240.855
240.905
240.955
241.005
241.055
241.105
241.155
241.205
241.255
241.305
241.355
241.405
241.455
241.505
241.555
241.605
241.655
241.705
241.755
241.805
241.855
241.905
241.955
242.005
242.055
242.105
242.155
242.205
242.255
242.305
242.355
242.405
242.455
242.505
242.555
242.605
242.655
242.705
242.755
242.805
242.855
242.905
242.955
243.005
243.055
243.105
243.155
243.205
243.255
243.305
243.355
243.405
243.455
243.505
243.555
243.605
243.655
243.705
243.755
243.805
243.855
243.905
243.955
244.005
244.055
244.105
244.155
244.205
244.255
244.305
244.355
244.405
244.455
244.505
244.555
244.605
244.655
244.705
244.755
244.805
244.855
244.905
244.955
245.005
245.055
245.105
245.155
245.205
245.255
245.305
245.355
245.405
245.455
245.505
245.555
245.605
245.655
245.705
245.755
245.805
245.855
245.905
245.955
246.005
246.055
246.105
246.155
246.205
246.255
246.305
246.355
246.405
246.455
246.505
246.555
246.605
246.655
246.705
246.755
246.805
246.855
246.905
246.955
247.005
247.055
247.105
247.155
247.205
247.255
247.305
247.355
247.405
247.455
247.505
247.555
247.605
247.655
247.705
247.755
247.805
247.855
247.905
247.955
248.005
248.055
248.105
248.155
248.205
248.255
248.305
248.355
248.405
248.455
248.505
248.555
248.605
248.655
248.705
248.755
248.805
248.855
248.905
248.955
249.005
249.055
249.105
249.155
249.205
249.255
249.305
249.355
249.405
249.455
249.505
249.555
249.605
249.655
249.705
249.755
249.805
249.855
249.905
249.955
250.005
250.055
250.105
250.155
250.205
250.255
250.305
250.355
250.405
250.455
250.505
250.555
250.605
250.655
250.705
250.755
250.805
250.855
250.905
250.955
251.005
251.055
251.105
251.155
251.205
251.255
251.305
251.355
251.405
251.455
251.505
251.555
251.605
251.655
251.705
251.755
251.805
251.855
251.905
251.955
252.005
252.055
252.105
252.155
252.205
252.255
252.305
252.355
252.405
252.455
252.505
252.555
252.605
252.655
252.705
252.755
252.805
252.855
252.905
252.955
253.005
253.055
253.105
253.155
253.205
253.255
253.305
253.355
253.405
253.455
253.505
253.555
253.605
253.655
253.705
253.755
253.805
253.855
253.905
253.955
254.005
254.055
254.105
254.155
254.205
254.255
254.305
254.355
254.405
254.455
254.505
254.555
254.605
254.655
254.705
254.755
254.805
254.855
254.905
254.955
255.005
255.055
255.105
255.155
255.205
255.255
255.305
255.355
255.405
255.455
255.505
255.555
255.605
255.655
255.705
255.755
255.805
255.855
255.905
255.955
256.005
256.055
256.105
256.155
256.205
256.255
256.305
256.355
256.405
256.455
256.505
256.555
256.605
256.655
256.705
256.755
256.805
256.855
256.905
256.955
257.005
257.055
257.105
257.155
257.205
257.255
257.305
257.355
257.405
257.455
257.505
257.555
257.605
257.655
257.705
257.755
257.805
257.855
257.905
257.955
258.005
258.055
258.105
258.155
258.205
258.255
258.305
258.355
258.405
258.455
258.505
258.555
258.605
258.655
258.705
258.755
258.805
258.855
258.905
258.955
259.005
259.055
259.105
259.155
259.205
259.255
259.305
259.355
259.405
259.455
259.505
259.555
259.605
259.655
259.705
259.755
259.805
259.855
259.905
259.955
260.005
260.055
260.105
260.155
260.205
260.255
260.305
260.355
260.405
260.455
260.505
260.555
260.605
260.655
260.705
260.755
260.805
260.855
260.905
260.955
261.005
261.055
261.105
261.155
261.205
261.255
261.305
261.355
261.405
261.455
261.505
261.555
261.605
261.655
261.705
261.755
261.805
261.855
261.905
261.955
262.005
262.055
262.105
262.155
262.205
262.255
262.305
262.355
262.405
262.455
262.505
262.555
262.605
262.655
262.705
262.755
262.805
262.855
262.905
262.955
263.005
263.055
263.105
263.155
263.205
263.255
263.305
263.355
263.405
263.455
263.505
263.555
263.605
263.655
263.705
263.755
263.805
263.855
263.905
263.955
264.005
264.055
264.105
264.155
264.205
264.255
264.305
264.355
264.405
264.455
264.505
264.555
264.605
264.655
264.705
264.755
264.805
264.855
264.905
264.955
265.005
265.055
265.105
265.155
265.205
265.255
265.305
265.355
265.405
265.455
265.505
265.555
265.605
265.655
265.705
265.755
265.805
265.855
265.905
265.955
266.005
266.055
266.105
266.155
266.205
266.255
266.305
266.355
266.405
266.455
266.505
266.555
266.605
266.655
266.705
266.755
266.805
266.855
266.905
266.955
267.005
267.055
267.105
267.155
267.205
267.255
267.305
267.355
267.405
267.455
267.505
267.555
267.605
267.655
267.705
267.755
267.805
267.855
267.905
267.955
268.005
268.055
268.105
268.155
268.205
268.255
268.305
268.355
268.405
268.455
268.505
268.555
268.605
268.655
268.705
268.755
268.805
268.855
268.905
268.955
269.005
269.055
269.105
269.155
269.205
269.255
269.305
269.355
269.405
269.455
269.505
269.555
269.605
269.655
269.705
269.755
269.805
269.855
269.905
269.955
270.005
270.055
270.105
270.155
270.205
270.255
270.305
270.355
270.405
270.455
270.505
270.555
270.605
270.655
270.705
270.755
270.805
270.855
270.905
270.955
271.005
271.055
271.105
271.155
271.205
271.255
271.305
271.355
271.405
271.455
271.505
271.555
271.605
271.655
271.705
271.755
271.805
271.855
271.905
271.955
272.005
272.055
272.105
272.155
272.205
272.255
272.305
272.355
272.405
272.455
272.505
272.555
272.605
272.655
272.705
272.755
272.805
272.855
272.905
272.955
273.005
273.055
273.105
273.155
273.205
273.255
273.305
273.355
273.405
273.455
273.505
273.555
273.605
273.655
273.705
273.755
273.805
273.855
273.905
273.955
274.005
274.055
274.105
274.155
274.205
274.255
274.305
274.355
274.405
274.455
274.505
274.555
274.605
274.655
274.705
274.755
274.805
274.855
274.905
274.955
275.005
275.055
275.105
275.155
275.205
275.255
275.305
275.355
275.405
275.455
275.505
275.555
275.605
275.655
275.705
275.755
275.805
275.855
275.905
275.955
276.005
276.055
276.105
276.155
276.205
276.255
276.305
276.355
276.405
276.455
276.505
276.555
276.605
276.655
276.705
276.755
276.805
276.855
276.905
276.955
277.005
277.055
277.105
277.155
277.205
277.255
277.305
277.355
277.405
277.455
277.505
277.555
277.605
277.655
277.705
277.755
277.805
277.855
277.905
277.955
278.005
278.055
278.105
278.155
278.205
278.255
278.305
278.355
278.405
278.455
278.505
278.555
278.605
278.655
278.705
278.755
278.805
278.855
278.905
278.955
279.005
279.055
279.105
279.155
279.205
279.255
279.305
279.355
279.405
279.455
279.505
279.555
279.605
279.655
279.705
279.755
279.805
279.855
279.905
279.955
280.005
280.055
280.105
280.155
280.205
280.255
280.305
280.355
280.405
280.455
280.505
280.555
280.605
280.655
280.705
280.755
280.805
280.855
280.905
280.955
281.005
281.055
281.105
281.155
281.205
281.255
281.305
281.355
281.405
281.455
281.505
281.555
281.605
281.655
281.705
281.755
281.805
281.855
281.905
281.955
282.005
282.055
282.105
282.155
282.205
282.255
282.305
282.355
282.405
282.455
282.505
282.555
282.605
282.655
282.705
282.755
282.805
282.855
282.905
282.955
283.005
283.055
283.105
283.155
283.205
283.255
283.305
283.355
283.405
283.455
283.505
283.555
283.605
283.655
283.705
283.755
283.805
283.855
283.905
283.955
284.005
284.055
284.105
284.155
284.205
284.255
284.305
284.355
284.405
284.455
284.505
284.555
284.605
284.655
284.705
284.755
284.805
284.855
284.905
284.955
285.005
285.055
285.105
285.155
285.205
285.255
285.305
285.355
285.405
285.455
285.505
285.555
285.605
285.655
285.705
285.755
285.805
285.855
285.905
285.955
286.005
286.055
286.105
286.155
286.205
286.255
286.305
286.355
286.405
286.455
286.505
286.555
286.605
286.655
286.705
286.755
286.805
286.855
286.905
286.955
287.005
287.055
287.105
287.155
287.205
287.255
287.305
287.355
287.405
287.455
287.505
287.555
287.605
287.655
287.705
287.755
287.805
287.855
287.905
287.955
288.005
288.055
288.105
288.155
288.205
288.255
288.305
288.355
288.405
288.455
288.505
288.555
288.605
288.655
288.705
288.755
288.805
288.855
288.905
288.955
289.005
289.055
289.105
289.155
289.205
289.255
289.305
289.355
289.405
289.455
289.505
289.555
289.605
289.655
289.705
289.755
289.805
289.855
289.905
289.955
290.005
290.055
290.105
290.155
290.205
290.255
290.305
290.355
290.405
290.455
290.505
290.555
290.605
290.655
290.705
290.755
290.805
290.855
290.905
290.955
291.005
291.055
291.105
291.155
291.205
291.255
291.305
291.355
291.405
291.455
291.505
291.555
291.605
291.655
291.705
291.755
291.805
291.855
291.905
291.955
292.005
292.055
292.105
292.155
292.205
292.255
292.305
292.355
292.405
292.455
292.505
292.555
292.605
292.655
292.705
292.755
292.805
292.855
292.905
292.955
293.005
293.055
293.105
293.155
293.205
293.255
293.305
293.355
293.405
293.455
293.505
293.555
293.605
293.655
293.705
293.755
293.805
293.855
293.905
293.955
294.005
294.055
294.105
294.155
294.205
294.255
294.305
294.355
294.405
294.455
294.505
294.555
294.605
294.655
294.705
294.755
294.805
294.855
294.905
294.955
295.005
295.055
295.105
295.155
295.205
295.255
295.305
295.355
295.405
295.455
295.505
295.555
295.605
295.655
295.705
295.755
295.805
295.855
295.905
295.955
296.005
296.055
296.105
296.155
296.205
296.255
296.305
296.355
296.405
296.455
296.505
296.555
296.605
296.655
296.705
296.755
296.805
296.855
296.905
296.955
297.005
297.055
297.105
297.155
297.205
297.255
297.305
297.355
297.405
297.455
297.505
297.555
297.605
297.655
297.705
297.755
297.805
297.855
297.905
297.955
298.005
298.055
298.105
298.155
298.205
298.255
298.305
298.355
298.405
298.455
298.505
298.555
298.605
298.655
298.705
298.755
298.805
298.855
298.905
298.955
299.005
299.055
299.105
299.155
299.205
299.255
299.305
299.355
299.405
299.455
299.505
299.555
299.605
299.655
299.705
299.755
299.805
299.855
299.905
299.955
300.005
300.055
300.105
300.155
300.205
300.255
300.305
300.355
300.405
300.455
300.505
300.555
300.605
300.655
300.705
300.755
300.805
300.855
300.905
300.955
301.005
301.055
301.105
301.155
301.205
301.255
301.305
301.355
301.405
301.455
301.505
301.555
301.605
301.655
301.705
301.755
301.805
301.855
301.905
301.955
302.005
302.055
302.105
302.155
302.205
302.255
302.305
302.355
302.405
302.455
302.505
302.555
302.605
302.655
302.705
302.755
302.805
302.855
302.905
302.955
303.005
303.055
303.105
303.155
303.205
303.255
303.305
303.355
303.405
303.455
303.505
303.555
303.605
303.655
303.705
303.755
303.805
303.855
303.905
303.955
304.005
304.055
304.105
304.155
304.205
304.255
304.305
304.355
304.405
304.455
304.505
304.555
304.605
304.655
304.705
304.755
304.805
304.855
304.905
304.955
305.005
305.055
305.105
305.155
305.205
305.255
305.305
305.355
305.405
305.455
305.505
305.555
305.605
305.655
305.705
305.755
305.805
305.855
305.905
305.955
306.005
306.055
306.105
306.155
306.205
306.255
306.305
306.355
306.405
306.455
306.505
306.555
306.605
306.655
306.705
306.755
306.805
306.855
306.905
306.955
307.005
307.055
307.105
307.155
307.205
307.255
307.305
307.355
307.405
307.455
307.505
307.555
307.605
307.655
307.705
307.755
307.805
307.855
307.905
307.955
308.005
308.055
308.105
308.155
308.205
308.255
308.305
308.355
308.405
308.455
308.505
308.555
308.605
308.655
308.705
308.755
308.805
308.855
308.905
308.955
309.005
309.055
309.105
309.155
309.205
309.255
309.305
309.355
309.405
309.455
309.505
309.555
309.605
309.655
309.705
309.755
309.805
309.855
309.905
309.955
310.005
310.055
310.105
310.155
310.205
310.255
310.305
310.355
310.405
310.455
310.505
310.555
310.605
310.655
310.705
310.755
310.805
310.855
310.905
310.955
311.005
311.055
311.105
311.155
311.205
311.255
311.305
311.355
311.405
311.455
311.505
311.555
311.605
311.655
311.705
311.755
311.805
311.855
311.905
311.955
312.005
312.055
312.105
312.155
312.205
312.255
312.305
312.355
312.405
312.455
312.505
312.555
312.605
312.655
312.705
312.755
312.805
312.855
312.905
312.955
313.005
313.055
313.105
313.155
313.205
313.255
313.305
313.355
313.405
313.455
313.505
313.555
313.605
313.655
313.705
313.755
313.805
313.855
313.905
313.955
314.005
314.055
314.105
314.155
314.205
314.255
314.305
314.355
314.405
314.455
314.505
314.555
314.605
314.655
314.705
314.755
314.805
314.855
314.905
314.955
315.005
315.055
315.105
315.155
315.205
315.255
315.305
315.355
315.405
315.455
315.505
315.555
315.605
315.655
315.705
315.755
315.805
315.855
315.905
315.955
316.005
316.055
316.105
316.155
316.205
316.255
316.305
316.355
316.405
316.455
316.505
316.555
316.605
316.655
316.705
316.755
316.805
316.855
316.905
316.955
317.005
317.055
317.105
317.155
317.205
317.255
317.305
317.355
317.405
317.455
317.505
317.555
317.605
317.655
317.705
317.755
317.805
317.855
317.905
317.955
318.005
318.055
318.105
318.155
318.205
318.255
318.305
318.355
318.405
318.455
318.505
318.555
318.605
318.655
318.705
318.755
318.805
318.855
318.905
318.955
319.005
319.055
319.105
319.155
319.205
319.255
319.305
319.355
319.405
319.455
319.505
319.555
319.605
319.655
319.705
319.755
319.805
319.855
319.905
319.955
320.005
320.055
320.105
320.155
320.205
320.255
320.305
320.355
320.405
320.455
320.505
320.555
320.605
320.655
320.705
320.755
320.805
320.855
320.905
320.955
321.005
321.055
321.105
321.155
321.205
321.255
321.305
321.355
321.405
321.455
321.505
321.555
321.605
321.655
321.705
321.755
321.805
321.855
321.905
321.955
322.005
322.055
322.105
322.155
322.205
322.255
322.305
322.355
322.405
322.455
322.505
322.555
322.605
322.655
322.705
322.755
322.805
322.855
322.905
322.955
323.005
323.055
323.105
323.155
323.205
323.255
323.305
323.355
323.405
323.455
323.505
323.555
323.605
323.655
323.705
323.755
323.805
323.855
323.905
323.955
324.005
324.055
324.105
324.155
324.205
324.255
324.305
324.355
324.405
324.455
324.505
324.555
324.605
324.655
324.705
324.755
324.805
324.855
324.905
324.955
325.005
325.055
325.105
325.155
325.205
325.255
325.305
325.355
325.405
325.455
325.505
325.555
325.605
325.655
325.705
325.755
325.805
325.855
325.905
325.955
326.005
326.055
326.105
326.155
326.205
326.255
326.305
326.355
326.405
326.455
326.505
326.555
326.605
326.655
326.705
326.755
326.805
326.855
326.905
326.955
327.005
327.055
327.105
327.155
327.205
327.255
327.305
327.355
327.405
327.455
327.505
327.555
327.605
327.655
327.705
327.755
327.805
327.855
327.905
327.955
328.005
328.055
328.105
328.155
328.205
328.255
328.305
328.355
328.405
328.455
328.505
328.555
328.605
328.655
328.705
328.755
328.805
328.855
328.905
328.955
329.005
329.055
329.105
329.155
329.205
329.255
329.305
329.355
329.405
329.455
329.505
329.555
329.605
329.655
329.705
329.755
329.805
329.855
329.905
329.955
330.005
330.055
330.105
330.155
330.205
330.255
330.305
330.355
330.405
330.455
330.505
330.555
330.605
330.655
330.705
330.755
330.805
330.855
330.905
330.955
331.005
331.055
331.105
331.155
331.205
331.255
331.305
331.355
331.405
331.455
331.505
331.555
331.605
331.655
331.705
331.755
331.805
331.855
331.905
331.955
332.005
332.055
332.105
332.155
332.205
332.255
332.305
332.355
332.405
332.455
332.505
332.555
332.605
332.655
332.705
332.755
332.805
332.855
332.905
332.955
333.005
333.055
333.105
333.155
333.205
333.255
333.305
333.355
333.405
333.455
333.505
333.555
333.605
333.655
333.705
333.755
333.805
333.855
333.905
333.955
334.005
334.055
334.105
334.155
334.205
334.255
334.305
334.355
334.405
334.455
334.505
334.555
334.605
334.655
334.705
334.755
334.805
334.855
334.905
334.955
335.005
335.055
335.105
335.155
335.205
335.255
335.305
335.355
335.405
335.455
335.505
335.555
335.605
335.655
335.705
335.755
335.805
335.855
335.905
335.955
336.005
336.055
336.105
336.155
336.205
336.255
336.305
336.355
336.405
336.455
336.505
336.555
336.605
336.655
336.705
336.755
336.805
336.855
336.905
336.955
337.005
337.055
337.105
337.155
337.205
337.255
337.305
337.355
337.405
337.455
337.505
337.555
337.605
337.655
337.705
337.755
337.805
337.855
337.905
337.955
338.005
338.055
338.105
338.155
338.205
338.255
338.305
338.355
338.405
338.455
338.505
338.555
338.605
338.655
338.705
338.755
338.805
338.855
338.905
338.955
339.005
339.055
339.105
339.155
339.205
339.255
339.305
339.355
339.405
339.455
339.505
339.555
339.605
339.655
339.705
339.755
339.805
339.855
339.905
339.955
340.005
340.055
340.105
340.155
340.205
340.255
340.305
340.355
340.405
340.455
340.505
340.555
340.605
340.655
340.705
340.755
340.805
340.855
340.905
340.955
341.005
341.055
341.105
341.155
341.205
341.255
341.305
341.355
341.405
341.455
341.505
341.555
341.605
341.655
341.705
341.755
341.805
341.855
341.905
341.955
342.005
342.055
342.105
342.155
342.205
342.255
342.305
342.355
342.405
342.455
342.505
342.555
342.605
342.655
342.705
342.755
342.805
342.855
342.905
342.955
343.005
343.055
343.105
343.155
343.205
343.255
343.305
343.355
343.405
343.455
343.505
343.555
343.605
343.655
343.705
343.755
343.805
343.855
343.905
343.955
344.005
344.055
344.105
344.155
344.205
344.255
344.305
344.355
344.405
344.455
344.505
344.555
344.605
344.655
344.705
344.755
344.805
344.855
344.905
344.955
345.005
345.055
345.105
345.155
345.205
345.255
345.305
345.355
345.405
345.455
345.505
345.555
345.605
345.655
345.705
345.755
345.805
345.855
345.905
345.955
346.005
346.055
346.105
346.155
346.205
346.255
346.305
346.355
346.405
346.455
346.505
346.555
346.605
346.655
346.705
346.755
346.805
346.855
346.905
346.955
347.005
347.055
347.105
347.155
347.205
347.255
347.305
347.355
347.405
347.455
347.505
347.555
347.605
347.655
347.705
347.755
347.805
347.855
347.905
347.955
348.005
348.055
348.105
348.155
348.205
348.255
348.305
348.355
348.405
348.455
348.505
348.555
348.605
348.655
348.705
348.755
348.805
348.855
348.905
348.955
349.005
349.055
349.105
349.155
349.205
349.255
349.305
349.355
349.405
349.455
349.505
349.555
349.605
349.655
349.705
349.755
349.805
349.855
349.905
349.955
350.005
350.055
350.105
350.155
350.205
350.255
350.305
350.355
350.405
350.455
350.505
350.555
350.605
350.655
350.705
350.755
350.805
350.855
350.905
350.955
351.005
351.055
351.105
351.155
351.205
351.255
351.305
351.355
351.405
351.455
351.505
351.555
351.605
351.655
351.705
351.755
351.805
351.855
351.905
351.955
352.005
352.055
352.105
352.155
352.205
352.255
352.305
352.355
352.405
352.455
352.505
352.555
352.605
352.655
352.705
352.755
352.805
352.855
352.905
352.955
353.005
353.055
353.105
353.155
353.205
353.255
353.305
353.355
353.405
353.455
353.505
353.555
353.605
353.655
353.705
353.755
353.805
353.855
353.905
353.955
354.005
354.055
354.105
354.155
354.205
354.255
354.305
354.355
354.405
354.455
354.505
354.555
354.605
354.655
354.705
354.755
354.805
354.855
354.905
354.955
355.005
355.055
355.105
355.155
355.205
355.255
355.305
355.355
355.405
355.455
355.505
355.555
355.605
355.655
355.705
355.755
355.805
355.855
355.905
355.955
356.005
356.055
356.105
356.155
356.205
356.255
356.305
356.355
356.405
356.455
356.505
356.555
356.605
356.655
356.705
356.755
356.805
356.855
356.905
356.955
357.005
357.055
357.105
357.155
357.205
357.255
357.305
357.355
357.405
357.455
357.505
357.555
357.605
357.655
357.705
357.755
357.805
357.855
357.905
357.955
358.005
358.055
358.105
358.155
358.205
358.255
358.305
358.355
358.405
358.455
358.505
358.555
358.605
358.655
358.705
358.755
358.805
358.855
358.905
358.955
359.005
359.055
359.105
359.155
359.205
359.255
359.305
359.355
359.405
359.455
359.505
359.555
359.605
359.655
359.705
359.755
359.805
359.855
359.905
359.955
360.005
360.055
360.105
360.155
360.205
360.255
360.305
360.355
360.405
360.455
360.505
360.555
360.605
360.655
360.705
360.755
360.805
360.855
360.905
360.955
361.005
361.055
361.105
361.155
361.205
361.255
361.305
361.355
361.405
361.455
361.505
361.555
361.605
361.655
361.705
361.755
361.805
361.855
361.905
361.955
362.005
362.055
362.105
362.155
362.205
362.255
362.305
362.355
362.405
362.455
362.505
362.555
362.605
362.655
362.705
362.755
362.805
362.855
362.905
362.955
363.005
363.055
363.105
363.155
363.205
363.255
363.305
363.355
363.405
363.455
363.505
363.555
363.605
363.655
363.705
363.755
363.805
363.855
363.905
363.955
364.005
364.055
364.105
364.155
364.205
364.255
364.305
364.355
364.405
364.455
364.505
364.555
364.605
364.655
364.705
364.755
364.805
364.855
364.905
364.955
365.005
365.055
365.105
365.155
365.205
365.255
365.305
365.355
365.405
365.455
365.505
365.555
365.605
365.655
365.705
365.755
365.805
365.855
365.905
365.955
366.005
366.055
366.105
366.155
366.205
366.255
366.305
366.355
366.405
366.455
366.505
366.555
366.605
366.655
366.705
366.755
366.805
366.855
366.905
366.955
367.005
367.055
367.105
367.155
367.205
367.255
367.305
367.355
367.405
367.455
367.505
367.555
367.605
367.655
367.705
367.755
367.805
367.855
367.905
367.955
368.005
368.055
368.105
368.155
368.205
368.255
368.305
368.355
368.405
368.455
368.505
368.555
368.605
368.655
368.705
368.755
368.805
368.855
368.905
368.955
369.005
369.055
369.105
369.155
369.205
369.255
369.305
369.355
369.405
369.455
369.505
369.555
369.605
369.655
369.705
369.755
369.805
369.855
369.905
369.955
370.005
370.055
370.105
370.155
370.205
370.255
370.305
370.355
370.405
370.455
370.505
370.555
370.605
370.655
370.705
370.755
370.805
370.855
370.905
370.955
371.005
371.055
371.105
371.155
371.205
371.255
371.305
371.355
371.405
371.455
371.505
371.555
371.605
371.655
371.705
371.755
371.805
371.855
371.905
371.955
372.005
372.055
372.105
372.155
372.205
372.255
372.305
372.355
372.405
372.455
372.505
372.555
372.605
372.655
372.705
372.755
372.805
372.855
372.905
372.955
373.005
373.055
373.105
373.155
373.205
373.255
373.305
373.355
373.405
373.455
373.505
373.555
373.605
373.655
373.705
373.755
373.805
373.855
373.905
373.955
374.005
374.055
374.105
374.155
374.205
374.255
374.305
374.355
374.405
374.455
374.505
374.555
374.605
374.655
374.705
374.755
374.805
374.855
374.905
374.955
375.005
375.055
375.105
375.155
375.205
375.255
375.305
375.355
375.405
375.455
375.505
375.555
375.605
375.655
375.705
375.755
375.805
375.855
375.905
375.955
376.005
376.055
376.105
376.155
376.205
376.255
376.305
376.355
376.405
376.455
376.505
376.555
376.605
376.655
376.705
376.755
376.805
376.855
376.905
376.955
377.005
377.055
377.105
377.155
377.205
377.255
377.305
377.355
377.405
377.455
377.505
377.555
377.605
377.655
377.705
377.755
377.805
377.855
377.905
377.955
378.005
378.055
378.105
378.155
378.205
378.255
378.305
378.355
378.405
378.455
378.505
378.555
378.605
378.655
378.705
378.755
378.805
378.855
378.905
378.955
379.005
379.055
379.105
379.155
379.205
379.255
379.305
379.355
379.405
379.455
379.505
379.555
379.605
379.655
379.705
379.755
379.805
379.855
379.905
379.955
380.005
380.055
380.105
380.155
380.205
380.255
380.305
380.355
380.405
380.455
380.505
380.555
380.605
380.655
380.705
380.755
380.805
380.855
380.905
380.955
381.005
381.055
381.105
381.155
381.205
381.255
381.305
381.355
381.405
381.455
381.505
381.555
381.605
381.655
381.705
381.755
381.805
381.855
381.905
381.955
382.005
382.055
382.105
382.155
382.205
382.255
382.305
382.355
382.405
382.455
382.505
382.555
382.605
382.655
382.705
382.755
382.805
382.855
382.905
382.955
383.005
383.055
383.105
383.155
383.205
383.255
383.305
383.355
383.405
383.455
383.505
383.555
383.605
383.655
383.705
383.755
383.805
383.855
383.905
383.955
384.005
384.055
384.105
384.155
384.205
384.255
384.305
384.355
384.405
384.455
384.505
384.555
384.605
384.655
384.705
384.755
384.805
384.855
384.905
384.955
385.005
385.055
385.105
385.155
385.205
385.255
385.305
385.355
385.405
385.455
385.505
385.555
385.605
385.655
385.705
385.755
385.805
385.855
385.905
385.955
386.005
386.055
386.105
386.155
386.205
386.255
386.305
386.355
386.405
386.455
386.505
386.555
386.605
386.655
386.705
386.755
386.805
386.855
386.905
386.955
387.005
387.055
387.105
387.155
387.205
387.255
387.305
387.355
387.405
387.455
387.505
387.555
387.605
387.655
387.705
387.755
387.805
387.855
387.905
387.955
388.005
388.055
388.105
388.155
388.205
388.255
388.305
388.355
388.405
388.455
388.505
388.555
388.605
388.655
388.705
388.755
388.805
388.855
388.905
388.955
389.005
389.055
389.105
389.155
389.205
389.255
389.305
389.355
389.405
389.455
389.505
389.555
389.605
389.655
389.705
389.755
389.805
389.855
389.905
389.955
390.005
390.055
390.105
390.155
390.205
390.255
390.305
390.355
390.405
390.455
390.505
390.555
390.605
390.655
390.705
390.755
390.805
390.855
390.905
390.955
391.005
391.055
391.105
391.155
391.205
391.255
391.305
391.355
391.405
391.455
391.505
391.555
391.605
391.655
391.705
391.755
391.805
391.855
391.905
391.955
392.005
392.055
392.105
392.155
392.205
392.255
392.305
392.355
392.405
392.455
392.505
392.555
392.605
392.655
392.705
392.755
392.805
392.855
392.905
392.955
393.005
393.055
393.105
393.155
393.205
393.255
393.305
393.355
393.405
393.455
393.505
393.555
393.605
393.655
393.705
393.755
393.805
393.855
393.905
393.955
394.005
394.055
394.105
394.155
394.205
394.255
394.305
394.355
394.405
394.455
394.505
394.555
394.605
394.655
394.705
394.755
394.805
394.855
394.905
394.955
395.005
395.055
395.105
395.155
395.205
395.255
395.305
395.355
395.405
395.455
395.505
395.555
395.605
395.655
395.705
395.755
395.805
395.855
395.905
395.955
396.005
396.055
396.105
396.155
396.205
396.255
396.305
396.355
396.405
396.455
396.505
396.555
396.605
396.655
396.705
396.755
396.805
396.855
396.905
396.955
397.005
397.055
397.105
397.155
397.205
397.255
397.305
397.355
397.405
397.455
397.505
397.555
397.605
397.655
397.705
397.755
397.805
397.855
397.905
397.955
398.005
398.055
398.105
398.155
398.205
398.255
398.305
398.355
398.405
398.455
398.505
398.555
398.605
398.655
398.705
398.755
398.805
398.855
398.905
398.955
399.005
399.055
399.105
399.155
399.205
399.255
399.305
399.355
399.405
399.455
399.505
399.555
399.605
399.655
399.705
399.755
399.805
399.855
399.905
399.955
400.005
400.055
400.105
400.155
400.205
400.255
400.305
400.355
400.405
400.455
400.505
400.555
400.605
400.655
400.705
400.755
400.805
400.855
400.905
400.955
401.005
401.055
401.105
401.155
401.205
401.255
401.305
401.355
401.405
401.455
401.505
401.555
401.605
401.655
401.705
401.755
401.805
401.855
401.905
401.955
402.005
402.055
402.105
402.155
402.205
402.255
402.305
402.355
402.405
402.455
402.505
402.555
402.605
402.655
402.705
402.755
402.805
402.855
402.905
402.955
403.005
403.055
403.105
403.155
403.205
403.255
403.305
403.355
403.405
403.455
403.505
403.555
403.605
403.655
403.705
403.755
403.805
403.855
403.905
403.955
404.005
404.055
404.105
404.155
404.205
404.255
404.305
404.355
404.405
404.455
404.505
404.555
404.605
404.655
404.705
404.755
404.805
404.855
404.905
404.955
405.005
405.055
405.105
405.155
405.205
405.255
405.305
405.355
405.405
405.455
405.505
405.555
405.605
405.655
405.705
405.755
405.805
405.855
405.905
405.955
406.005
406.055
406.105
406.155
406.205
406.255
406.305
406.355
406.405
406.455
406.505
406.555
406.605
406.655
406.705
406.755
406.805
406.855
406.905
406.955
407.005
407.055
407.105
407.155
407.205
407.255
407.305
407.355
407.405
407.455
407.505
407.555
407.605
407.655
407.705
407.755
407.805
407.855
407.905
407.955
408.005
408.055
408.105
408.155
408.205
408.255
408.305
408.355
408.405
408.455
408.505
408.555
408.605
408.655
408.705
408.755
408.805
408.855
408.905
408.955
409.005
409.055
409.105
409.155
409.205
409.255
409.305
409.355
409.405
409.455
409.505
409.555
409.605
409.655
409.705
409.755
409.805
409.855
409.905
409.955
410.005
410.055
410.105
410.155
410.205
410.255
410.305
410.355
410.405
410.455
410.505
410.555
410.605
410.655
410.705
410.755
410.805
410.855
410.905
410.955
411.005
411.055
411.105
411.155
411.205
411.255
411.305
411.355
411.405
411.455
411.505
411.555
411.605
411.655
411.705
411.755
411.805
411.855
411.905
411.955
412.005
412.055
412.105
412.155
412.205
412.255
412.305
412.355
412.405
412.455
412.505
412.555
412.605
412.655
412.705
412.755
412.805
412.855
412.905
412.955
413.005
413.055
413.105
413.155
413.205
413.255
413.305
413.355
413.405
413.455
413.505
413.555
413.605
413.655
413.705
413.755
413.805
413.855
413.905
413.955
414.005
414.055
414.105
414.155
414.205
414.255
414.305
414.355
414.405
414.455
414.505
414.555
414.605
414.655
414.705
414.755
414.805
414.855
414.905
414.955
415.005
415.055
415.105
415.155
415.205
415.255
415.305
415.355
415.405
415.455
415.505
415.555
415.605
415.655
415.705
415.755
415.805
415.855
415.905
415.955
416.005
416.055
416.105
416.155
416.205
416.255
416.305
416.355
416.405
416.455
416.505
416.555
416.605
416.655
416.705
416.755
416.805
416.855
416.905
416.955
417.005
417.055
417.105
417.155
417.205
417.255
417.305
417.355
417.405
417.455
417.505
417.555
417.605
417.655
417.705
417.755
417.805
417.855
417.905
417.955
418.005
418.055
418.105
418.155
418.205
418.255
418.305
418.355
418.405
418.455
418.505
418.555
418.605
418.655
418.705
418.755
418.805
418.855
418.905
418.955
419.005
419.055
419.105
419.155
419.205
419.255
419.305
419.355
419.405
419.455
419.505
419.555
419.605
419.655
419.705
419.755
419.805
419.855
419.905
419.955
420.005
420.055
420.105
420.155
420.205
420.255
420.305
420.355
420.405
420.455
420.505
420.555
420.605
420.655
420.705
420.755
420.805
420.855
420.905
420.955
421.005
421.055
421.105
421.155
421.205
421.255
421.305
421.355
421.405
421.455
421.505
421.555
421.605
421.655
421.705
421.755
421.805
421.855
421.905
421.955
422.005
422.055
422.105
422.155
422.205
422.255
422.305
422.355
422.405
422.455
422.505
422.555
422.605
422.655
422.705
422.755
422.805
422.855
422.905
422.955
423.005
423.055
423.105
423.155
423.205
423.255
423.305
423.355
423.405
423.455
423.505
423.555
423.605
423.655
423.705
423.755
423.805
423.855
423.905
423.955
424.005
424.055
424.105
424.155
424.205
424.255
424.305
424.355
424.405
424.455
424.505
424.555
424.605
424.655
424.705
424.755
424.805
424.855
424.905
424.955
425.005
425.055
425.105
425.155
425.205
425.255
425.305
425.355
425.405
425.455
425.505
425.555
425.605
425.655
425.705
425.755
425.805
425.855
425.905
425.955
426.005
426.055
426.105
426.155
426.205
426.255
426.305
426.355
426.405
426.455
426.505
426.555
426.605
426.655
426.705
426.755
426.805
426.855
426.905
426.955
427.005
427.055
427.105
427.155
427.205
427.255
427.305
427.355
427.405
427.455
427.505
427.555
427.605
427.655
427.705
427.755
427.805
427.855
427.905
427.955
428.005
428.055
428.105
428.155
428.205
428.255
428.305
428.355
428.405
428.455
428.505
428.555
428.605
428.655
428.705
428.755
428.805
428.855
428.905
428.955
429.005
429.055
429.105
429.155
429.205
429.255
429.305
429.355
429.405
429.455
429.505
429.555
429.605
429.655
429.705
429.755
429.805
429.855
429.905
429.955
430.005
430.055
430.105
430.155
430.205
430.255
430.305
430.355
430.405
430.455
430.505
430.555
430.605
430.655
430.705
430.755
430.805
430.855
430.905
430.955
431.005
431.055
431.105
431.155
431.205
431.255
431.305
431.355
431.405
431.455
431.505
431.555
431.605
431.655
431.705
431.755
431.805
431.855
431.905
431.955
432.005
432.055
432.105
432.155
432.205
432.255
432.305
432.355
432.405
432.455
432.505
432.555
432.605
432.655
432.705
432.755
432.805
432.855
432.905
432.955
433.005
433.055
433.105
433.155
433.205
433.255
433.305
433.355
433.405
433.455
433.505
433.555
433.605
433.655
433.705
433.755
433.805
433.855
433.905
433.955
434.005
434.055
434.105
434.155
434.205
434.255
434.305
434.355
434.405
434.455
434.505
434.555
434.605
434.655
434.705
434.755
434.805
434.855
434.905
434.955
435.005
435.055
435.105
435.155
435.205
435.255
435.305
435.355
435.405
435.455
435.505
435.555
435.605
435.655
435.705
435.755
435.805
435.855
435.905
435.955
436.005
436.055
436.105
436.155
436.205
436.255
436.305
436.355
436.405
436.455
436.505
436.555
436.605
436.655
436.705
436.755
436.805
436.855
436.905
436.955
437.005
437.055
437.105
437.155
437.205
437.255
437.305
437.355
437.405
437.455
437.505
437.555
437.605
437.655
437.705
437.755
437.805
437.855
437.905
437.955
438.005
438.055
438.105
438.155
438.205
438.255
438.305
438.355
438.405
438.455
438.505
438.555
438.605
438.655
438.705
438.755
438.805
438.855
438.905
438.955
439.005
439.055
439.105
439.155
439.205
439.255
439.305
439.355
439.405
439.455
439.505
439.555
439.605
439.655
439.705
439.755
439.805
439.855
439.905
439.955
440.005
440.055
440.105
440.155
440.205
440.255
440.305
440.355
440.405
440.455
440.505
440.555
440.605
440.655
440.705
440.755
440.805
440.855
440.905
440.955
441.005
441.055
441.105
441.155
441.205
441.255
441.305
441.355
441.405
441.455
441.505
441.555
441.605
441.655
441.705
441.755
441.805
441.855
441.905
441.955
442.005
442.055
442.105
442.155
442.205
442.255
442.305
442.355
442.405
442.455
442.505
442.555
442.605
442.655
442.705
442.755
442.805
442.855
442.905
442.955
443.005
443.055
443.105
443.155
443.205
443.255
443.305
443.355
443.405
443.455
443.505
443.555
443.605
443.655
443.705
443.755
443.805
443.855
443.905
443.955
444.005
444.055
444.105
444.155
444.205
444.255
444.305
444.355
444.405
444.455
444.505
444.555
444.605
444.655
444.705
444.755
444.805
444.855
444.905
444.955
445.005
445.055
445.105
445.155
445.205
445.255
445.305
445.355
445.405
445.455
445.505
445.555
445.605
445.655
445.705
445.755
445.805
445.855
445.905
445.955
446.005
446.055
446.105
446.155
446.205
446.255
446.305
446.355
446.405
446.455
446.505
446.555
446.605
446.655
446.705
446.755
446.805
446.855
446.905
446.955
447.005
447.055
447.105
447.155
447.205
447.255
447.305
447.355
447.405
447.455
447.505
447.555
447.605
447.655
447.705
447.755
447.805
447.855
447.905
447.955
448.005
448.055
448.105
448.155
448.205
448.255
448.305
448.355
448.405
448.455
448.505
448.555
448.605
448.655
448.705
448.755
448.805
448.855
448.905
448.955
449.005
449.055
449.105
449.155
449.205
449.255
449.305
449.355
449.405
449.455
449.505
449.555
449.605
449.655
449.705
449.755
449.805
449.855
449.905
449.955
450.005
450.055
450.105
450.155
450.205
450.255
450.305
450.355
450.405
450.455
450.505
450.555
450.605
450.655
450.705
450.755
450.805
450.855
450.905
450.955
451.005
451.055
451.105
451.155
451.205
451.255
451.305
451.355
451.405
451.455
451.505
451.555
451.605
451.655
451.705
451.755
451.805
451.855
451.905
451.955
452.005
452.055
452.105
452.155
452.205
452.255
452.305
452.355
452.405
452.455
452.505
452.555
452.605
452.655
452.705
452.755
452.805
452.855
452.905
452.955
453.005
453.055
453.105
453.155
453.205
453.255
453.305
453.355
453.405
453.455
453.505
453.555
453.605
453.655
453.705
453.755
453.805
453.855
453.905
453.955
454.005
454.055
454.105
454.155
454.205
454.255
454.305
454.355
454.405
454.455
454.505
454.555
454.605
454.655
454.705
454.755
454.805
454.855
454.905
454.955
455.005
455.055
455.105
455.155
455.205
455.255
455.305
455.355
455.405
455.455
455.505
455.555
455.605
455.655
455.705
455.755
455.805
455.855
455.905
455.955
456.005
456.055
456.105
456.155
456.205
456.255
456.305
456.355
456.405
456.455
456.505
456.555
456.605
456.655
456.705
456.755
456.805
456.855
456.905
456.955
457.005
457.055
457.105
457.155
457.205
457.255
457.305
457.355
457.405
457.455
457.505
457.555
457.605
457.655
457.705
457.755
457.805
457.855
457.905
457.955
458.005
458.055
458.105
458.155
458.205
458.255
458.305
458.355
458.405
458.455
458.505
458.555
458.605
458.655
458.705
458.755
458.805
458.855
458.905
458.955
459.005
459.055
459.105
459.155
459.205
459.255
459.305
459.355
459.405
459.455
459.505
459.555
459.605
459.655
459.705
459.755
459.805
459.855
459.905
459.955
460.005
460.055
460.105
460.155
460.205
460.255
460.305
460.355
460.405
460.455
460.505
460.555
460.605
460.655
460.705
460.755
460.805
460.855
460.905
460.955
461.005
461.055
461.105
461.155
461.205
461.255
461.305
461.355
461.405
461.455
461.505
461.555
461.605
461.655
461.705
461.755
461.805
461.855
461.905
461.955
462.005
462.055
462.105
462.155
462.205
462.255
462.305
462.355
462.405
462.455
462.505
462.555
462.605
462.655
462.705
462.755
462.805
462.855
462.905
462.955
463.005
463.055
463.105
463.155
463.205
463.255
463.305
463.355
463.405
463.455
463.505
463.555
463.605
463.655
463.705
463.755
463.805
463.855
463.905
463.955
464.005
464.055
464.105
464.155
464.205
464.255
464.305
464.355
464.405
464.455
464.505
464.555
464.605
464.655
464.705
464.755
464.805
464.855
464.905
464.955
465.005
465.055
465.105
465.155
465.205
465.255
465.305
465.355
465.405
465.455
465.505
465.555
465.605
465.655
465.705
465.755
465.805
465.855
465.905
465.955
466.005
466.055
466.105
466.155
466.205
466.255
466.305
466.355
466.405
466.455
466.505
466.555
466.605
466.655
466.705
466.755
466.805
466.855
466.905
466.955
467.005
467.055
467.105
467.155
467.205
467.255
467.305
467.355
467.405
467.455
467.505
467.555
467.605
467.655
467.705
467.755
467.805
467.855
467.905
467.955
468.005
468.055
468.105
468.155
468.205
468.255
468.305
468.355
468.405
468.455
468.505
468.555
468.605
468.655
468.705
468.755
468.805
468.855
468.905
468.955
469.005
469.055
469.105
469.155
469.205
469.255
469.305
469.355
469.405
469.455
469.505
469.555
469.605
469.655
469.705
469.755
469.805
469.855
469.905
469.955
470.005
470.055
470.105
470.155
470.205
470.255
470.305
470.355
470.405
470.455
470.505
470.555
470.605
470.655
470.705
470.755
470.805
470.855
470.905
470.955
471.005
471.055
471.105
471.155
471.205
471.255
471.305
471.355
471.405
471.455
471.505
471.555
471.605
471.655
471.705
471.755
471.805
471.855
471.905
471.955
472.005
472.055
472.105
472.155
472.205
472.255
472.305
472.355
472.405
472.455
472.505
472.555
472.605
472.655
472.705
472.755
472.805
472.855
472.905
472.955
473.005
473.055
473.105
473.155
473.205
473.255
473.305
473.355
473.405
473.455
473.505
473.555
473.605
473.655
473.705
473.755
473.805
473.855
473.905
473.955
474.005
474.055
474.105
474.155
474.205
474.255
474.305
474.355
474.405
474.455
474.505
474.555
474.605
474.655
474.705
474.755
474.805
474.855
474.905
474.955
475.005
475.055
475.105
475.155
475.205
475.255
475.305
475.355
475.405
475.455
475.505
475.555
475.605
475.655
475.705
475.755
475.805
475.855
475.905
475.955
476.005
476.055
476.105
476.155
476.205
476.255
476.305
476.355
476.405
476.455
476.505
476.555
476.605
476.655
476.705
476.755
476.805
476.855
476.905
476.955
477.005
477.055
477.105
477.155
477.205
477.255
477.305
477.355
477.405
477.455
477.505
477.555
477.605
477.655
477.705
477.755
477.805
477.855
477.905
477.955
478.005
478.055
478.105
478.155
478.205
478.255
478.305
478.355
478.405
478.455
478.505
478.555
478.605
478.655
478.705
478.755
478.805
478.855
478.905
478.955
479.005
479.055
479.105
479.155
479.205
479.255
479.305
479.355
479.405
479.455
479.505
479.555
479.605
479.655
479.705
479.755
479.805
479.855
479.905
479.955
480.005
480.055
480.105
480.155
480.205
480.255
480.305
480.355
480.405
480.455
480.505
480.555
480.605
480.655
480.705
480.755
480.805
480.855
480.905
480.955
481.005
481.055
481.105
481.155
481.205
481.255
481.305
481.355
481.405
481.455
481.505
481.555
481.605
481.655
481.705
481.755
481.805
481.855
481.905
481.955
482.005
482.055
482.105
482.155
482.205
482.255
482.305
482.355
482.405
482.455
482.505
482.555
482.605
482.655
482.705
482.755
482.805
482.855
482.905
482.955
483.005
483.055
483.105
483.155
483.205
483.255
483.305
483.355
483.405
483.455
483.505
483.555
483.605
483.655
483.705
483.755
483.805
483.855
483.905
483.955
484.005
484.055
484.105
484.155
484.205
484.255
484.305
484.355
484.405
484.455
484.505
484.555
484.605
484.655
484.705
484.755
484.805
484.855
484.905
484.955
485.005
485.055
485.105
485.155
485.205
485.255
485.305
485.355
485.405
485.455
485.505
485.555
485.605
485.655
485.705
485.755
485.805
485.855
485.905
485.955
486.005
486.055
486.105
486.155
486.205
486.255
486.305
486.355
486.405
486.455
486.505
486.555
486.605
486.655
486.705
486.755
486.805
486.855
486.905
486.955
487.005
487.055
487.105
487.155
487.205
487.255
487.305
487.355
487.405
487.455
487.505
487.555
487.605
487.655
487.705
487.755
487.805
487.855
487.905
487.955
488.005
488.055
488.105
488.155
488.205
488.255
488.305
488.355
488.405
488.455
488.505
488.555
488.605
488.655
488.705
488.755
488.805
488.855
488.905
488.955
489.005
489.055
489.105
489.155
489.205
489.255
489.305
489.355
489.405
489.455
489.505
489.555
489.605
489.655
489.705
489.755
489.805
489.855
489.905
489.955
490.005
490.055
490.105
490.155
490.205
490.255
490.305
490.355
490.405
490.455
490.505
490.555
490.605
490.655
490.705
490.755
490.805
490.855
490.905
490.955
491.005
491.055
491.105
491.155
491.205
491.255
491.305
491.355
491.405
491.455
491.505
491.555
491.605
491.655
491.705
491.755
491.805
491.855
491.905
491.955
492.005
492.055
492.105
492.155
492.205
492.255
492.305
492.355
492.405
492.455
492.505
492.555
492.605
492.655
492.705
492.755
492.805
492.855
492.905
492.955
493.005
493.055
493.105
493.155
493.205
493.255
493.305
493.355
493.405
493.455
493.505
493.555
493.605
493.655
493.705
493.755
493.805
493.855
493.905
493.955
494.005
494.055
494.105
494.155
494.205
494.255
494.305
494.355
494.405
494.455
494.505
494.555
494.605
494.655
494.705
494.755
494.805
494.855
494.905
494.955
495.005
495.055
495.105
495.155
495.205
495.255
495.305
495.355
495.405
495.455
495.505
495.555
495.605
495.655
495.705
495.755
495.805
495.855
495.905
495.955
496.005
496.055
496.105
496.155
496.205
496.255
496.305
496.355
496.405
496.455
496.505
496.555
496.605
496.655
496.705
496.755
496.805
496.855
496.905
496.955
497.005
497.055
497.105
497.155
497.205
497.255
497.305
497.355
497.405
497.455
497.505
497.555
497.605
497.655
497.705
497.755
497.805
497.855
497.905
497.955
498.005
498.055
498.105
498.155
498.205
498.255
498.305
498.355
498.405
498.455
498.505
498.555
498.605
498.655
498.705
498.755
498.805
498.855
498.905
498.955
499.005
499.055
499.105
499.155
499.205
499.255
499.305
499.355
499.405
499.455
499.505
499.555
499.605
499.655
499.705
499.755
499.805
499.855
499.905
499.955
500.005
500.055
500.105
500.155
500.205
500.255
500.305
500.355
500.405
500.455
500.505
500.555
500.605
500.655
500.705
500.755
500.805
500.855
500.905
500.955
501.005
501.055
501.105
501.155
501.205
501.255
501.305
501.355
501.405
501.455
501.505
501.555
501.605
501.655
501.705
501.755
501.805
501.855
501.905
501.955
502.005
502.055
502.105
502.155
502.205
502.255
502.305
502.355
502.405
502.455
502.505
502.555
502.605
502.655
502.705
502.755
502.805
502.855
502.905
502.955
503.005
503.055
503.105
503.155
503.205
503.255
503.305
503.355
503.405
503.455
503.505
503.555
503.605
503.655
503.705
503.755
503.805
503.855
503.905
503.955
504.005
504.055
504.105
504.155
504.205
504.255
504.305
504.355
504.405
504.455
504.505
504.555
504.605
504.655
504.705
504.755
504.805
504.855
504.905
504.955
505.005
505.055
505.105
505.155
505.205
505.255
505.305
505.355
505.405
505.455
505.505
505.555
505.605
505.655
505.705
505.755
505.805
505.855
505.905
505.955
506.005
506.055
506.105
506.155
506.205
506.255
506.305
506.355
506.405
506.455
506.505
506.555
506.605
506.655
506.705
506.755
506.805
506.855
506.905
506.955
507.005
507.055
507.105
507.155
507.205
507.255
507.305
507.355
507.405
507.455
507.505
507.555
507.605
507.655
507.705
507.755
507.805
507.855
507.905
507.955
508.005
508.055
508.105
508.155
508.205
508.255
508.305
508.355
508.405
508.455
508.505
508.555
508.605
508.655
508.705
508.755
508.805
508.855
508.905
508.955
509.005
509.055
509.105
509.155
509.205
509.255
509.305
509.355
509.405
509.455
509.505
509.555
509.605
509.655
509.705
509.755
509.805
509.855
509.905
509.955
510.005
510.055
510.105
510.155
510.205
510.255
510.305
510.355
510.405
510.455
510.505
510.555
510.605
510.655
510.705
510.755
510.805
510.855
510.905
510.955
511.005
511.055
511.105
511.155
511.205
511.255
511.305
511.355
511.405
511.455
511.505
511.555
511.605
511.655
511.705
511.755
511.805
511.855
511.905
511.955
512.005
512.055
512.105
512.155
512.205
512.255
512.305
512.355
512.405
512.455
512.505
512.555
512.605
512.655
512.705
512.755
512.805
512.855
512.905
512.955
513.005
513.055
513.105
513.155
513.205
513.255
513.305
513.355
513.405
513.455
513.505
513.555
513.605
513.655
513.705
513.755
513.805
513.855
513.905
513.955
514.005
514.055
514.105
514.155
514.205
514.255
514.305
514.355
514.405
514.455
514.505
514.555
514.605
514.655
514.705
514.755
514.805
514.855
514.905
514.955
515.005
515.055
515.105
515.155
515.205
515.255
515.305
515.355
515.405
515.455
515.505
515.555
515.605
515.655
515.705
515.755
515.805
515.855
515.905
515.955
516.005
516.055
516.105
516.155
516.205
516.255
516.305
516.355
516.405
516.455
516.505
516.555
516.605
516.655
516.705
516.755
516.805
516.855
516.905
516.955
517.005
517.055
517.105
517.155